24563.5
0
0
3.5
0
0
11
1.5
0
0
0
0
0
0
6
46
0
0
0
0
1
0
0
1
0
0
0
0
1
11
0
0
0.5
0
0
6.5
0
0
0
3.5
2
1.5
4
0
19
0.5
0
0
1
25
181696
15.5
2
2
2
67
4
65
13.5
7
1181
11.5
8.5
35.5
8.5
9.5
2
2
89.5
2
2
44.5
20
8.5
0
6
6.5
0
5
0
1
0.5
1
0
1.5
1
17.5
0
9.5
4
0.5
0.5
8.5
0
0
0
21
0
0
3
0
0
122481
5.5
7
5.5
2
2
2
2
2
4
5.5
9.5
4
7
18
8.5
100.5
4
2
2
2
14
2
32.5
56
5.5
4
2
9.5
4
2
7
5.5
7
5.5
4
4
26.5
8.5
6
5.5
38.5
2
28.5
4
2
4
2
2
11
4
5.5
4
7
2
2
2
2
2
2
31.5
50
8.5
12
2
51.5
2
5.5
2
0
0
0
0
0
0
0
0
0
0.5
0
0
0
0
0
0
0.5
0
0
0
0.5
0
0
0.5
0.5
0
0
0
0
0
0
0
0
0.5
0
0
0
0
0
0
0
0.5
0
0
0
0
0
0
1
1
3.5
0
6.5
1.5
0
0.5
0
2.5
0
2.5
0
0
0
0
0.5
0
0
1
0
0
0
0
0
0
0
0
3
3
0
0
1.5
0
5
0
0
0
0.5
0
0
0
0
0
0
0
0
0
0
0
0
0
0.5
0
0
1.5
0.5
0
0
0
0
0
0
0
0
0
0
0
0
0
0
0.5
0
2.5
0
0.5
0
1
0
0
0.5
7.5
1
0
0
0
0
0
0
0
0
0
0
0
0
0
0
0
0
1.5
0
0
0
1.5
2
1
0.5
0
0
1
0
0
1
0.5
0
0
0
0
2
0
0.5
0.5
0
1
0
2
0
3.5
0
0
0.5
0
0
1
0.5
0
0
1.5
0
0
0
0
0
0.5
0
0
0
0
0.5
0
0.5
0
0
0
0
0
0
0
0
0
0
0
0
1
0
1
0
0
0
0
2
0
0
1
0
0
1
0
0
0
0
0
0
0.5
0
0
0
0
0
0
0
0
0
0
0
0
1
1.5
2
0
0
15
0
14.5
1
11.5
0
0
0
0
0
1.5
0
0
12.5
0
2
0
0
0
0
0
0
0
0
0
0
0
0
5
0
0
0
0.5
0.5
5.5
5
0
0
0
0
0
0
0
0
1.5
0.5
0
1
0
1.5
0
0
0
0
0
0
2.5
4
0
0
8.5
0
3
15
0.5
0
0
0
2
0.5
0
0
3.5
1
0
0
0
0
0
0
0
0
0
0
14
1
0
0
0
0.5
0
0
0
7
1.5
5
1
0
0
3.5
0
0
0
0
12.5
0.5
0
0
55
4
0
8.5
0.5
6
0
0
1
0
0
2
1.5
1
0
0
2
0
0
0
1
0
2.5
0
0
1
21
0
9.5
0
0
1.5
8
0
0
14.5
36
0
0
4
0
9
4
0
13
5
0
0
2.5
1
0
1.5
0
0
0
2
0
0
0
8.5
0
0
0
6
0.5
0.5
0
0.5
1
0
5
0
0
0
0
0
0
0
0
5
0
2
0
0
0
0
0.5
1.5
0
0
0.5
4.5
0
0
0
0
0
0
0
0
0
8
0
2.5
2
0
0
4.5
0.5
0.5
0
0
0
1
1.5
0
0
0
0
4
0
0
0.5
1
0
0
0
1.5
0
0
0
1
2
0
0
1
0
8
0
0
0
0
0
1
0
0
0
0
3.5
0
0.5
0
0
2
0
0
0.5
0
0
0
0
2
0
0
0
0
0
0
0.5
5.5
4.5
3.5
4
0
0.5
0
0
1.5
0
1
0
1
0
0
0
0
0
0
0
0
0
0
0
0
0
0
0
3.5
0
0
0
0
0
0.5
0
0
13
0
0
0
0
0
0
0.5
0
6.5
0
2
1
0
4.5
0.5
0
1
0
0
0
0
1.5
0
0
15.5
0
0
0
3.5
0
0
0
0
0
0
0
4
2
0
0
0.5
0
0
0
0.5
0
19.5
0
2
0
0
0
0
2
6
0
0
0
0
5.5
0
0
2.5
0
0
0
0.5
6
0.5
0
0
1
0
0
0
0
0
0
2
17.5
0.5
0
0
7.5
1.5
0.5
0
0.5
6
0
7.5
5.5
0
0.5
5
1.5
0.5
0
0
0
0
0
0
0
11
0
0
0
1.5
35.5
5.5
0
0
0
9
0
26.5
0
0
0.5
1
1
0
0
0
5
1
0
5.5
0
0
1.5
0
0
0
0
0
0
1
3
0
0
0
1
0
0
0
10
18.5
3.5
5
0
1.5
0
0
30
0
0
2.5
2.5
0
0
0
1.5
0
1.5
0
0
0
0
1.5
0
1.5
0
2.5
0
0
2.5
4
0.5
0
0
0
0
0
0
0
1.5
51
0
0
6.5
0
5
0
0
0
0
0
0
0
0
0.5
2.5
0.5
0
0
0
0.5
0
0.5
0
0
0
0
0
2
0
7
2.5
16.5
0
0
0
0
0
0
2
1.5
0.5
0
0.5
0
0
0
0
0
5
0
0
0
0
0
0
2.5
73
7
3.5
0
2.5
0
0
0
0
0
0.5
0
0
0.5
0
0
0
0.5
31
11.5
0
0
0
0
0
0
0
0
3
13.5
6.5
1
0
1
0
0
0
0
0
2
0
0
0
0
0
0
22
0
0
0
8.5
4.5
0
2.5
0
0
1.5
0
2.5
0
0
0
0
0
32.5
0
0
0
0
5
0
0
0
1
7.5
1
0
6.5
1
0
1
0
0
0
8.5
0
1
3.5
0
0
0
0
0
0
0
0
11
0
0
1
0
1.5
0.5
0
1
3
0.5
0
0
1
0
0
3
0
0
2.5
0
0
0
0
2.5
0
1
10
0
0
0
0
2
0
0
0
0
0
0
0
3.5
0
9.5
2.5
40
1
0
0
0
23.5
0
9.5
0
1
0
0
0
0
0
1
0
4.5
0
1
0
1.5
2.5
0
19
4.5
1.5
3.5
0
0
4.5
0
0
0
0
13.5
0
0
2
5
0.5
1
0
2.5
0
0
4
0
0
0
0
0
0
12.5
0
0
3
0
0
0
0
0.5
0
0
0
4
6.5
0
5.5
7
1.5
1
16
0.5
0
1
0
2
1
0
0
0
0
15.5
12.5
0
0
0
1.5
0
1
0
0
9
0
0
0
0
0
0
0
12.5
0.5
2
0
17
0.5
0
0
0
0
1
0
0
0
0
0
2.5
0
0
0
0
4.5
5.5
0
0
0
0
55
4.5
1
0
15.5
0
0
0
0
10
0
2
0
0
0
0
162
0
0
0.5
4
8
3
2.5
0
1.5
0
0
5.5
0
2
0
9
0
0
0
16
0
0
0
0
0
0
0
6
0
3.5
0
0
1
6
0.5
2.5
0
0
0.5
0
6.5
5
19.5
1.5
0.5
0.5
1
0.5
8.5
0.5
0
0.5
0
0.5
0
0
5.5
21.5
0
0
0
2
6
6
0
0
0
0
0
0
1
0
0
0
0
0.5
28
23.5
0
0
0
0
0
0
12.5
5
0
16
10.5
0
0.5
0
0
0
0
5
0
3
0
0
1
25.5
3.5
1
0
0
0
0
0
0
0
0.5
0
2
0
3
0
0
0
3.5
3.5
0
34.5
19.5
0
0
0
0
0
0
0
0
0
2
0
1.5
0
51
0
2.5
0
0
0
0
0
0
3
0
13.5
10
6
0
2.5
0
2
0
0
2
0
0
2
11
0
0
1
0
0
0
0
0
2
0
7.5
0
0.5
0.5
0
2
0
5
2
0
0.5
0.5
1
0
0
0
3
0
0
0
0
0
0
0
1.5
0
0
24
0
19
0
3
0
7.5
0
0
1
5.5
0
0
57
0
0
0
0.5
0
0
1.5
0
1
0
35
0
17.5
0
0
0
2.5
3
0
0
0
2
27
19.5
0
4.5
0
0.5
0
0
0
20
5
5.5
0
1.5
0
0
0
0
0
0
10.5
0
0
8
0
0
0
0
0.5
3.5
4.5
1.5
0
0
10.5
3
0
0
0
0
0
0
0
0
0
0.5
0
0
0
20.5
10.5
0
1.5
0
0
0
0
0
1
0
0
0
0
0
7.5
0
0
12.5
0
0
1.5
20
0
0
8
1.5
0
0.5
0
0.5
0
0
4
31.5
0
1
7
0.5
3
48.5
0
18.5
0
3.5
1.5
0
2.5
0
0
72
0
0
0
0
0
0
0
0
27.5
0
0
0
0
3.5
0
6.5
0
0
0
11.5
1.5
1
0
67.5
6
14.5
0
0
0
0
0
0
0.5
1.5
0
0
0
19
0
5.5
0
0
0
1.5
0
2
0
0
0
10.5
48.5
0
0
0
3
0
0
1
23.5
0
0
2
0
0
1
8
1
1
0
0.5
0
1
9
0
5
8
0
0
6.5
0
0
0
3.5
1
0
0
2.5
15.5
0
3.5
42.5
0
0.5
0
0
0
0
26.5
1
0
6
0
3
0
6.5
5
2
0
0
1
0
0
0
0
24
0
15.5
0
0
4
0
4
36.5
0
9
33.5
0.5
0
0
0
0
0
0
0
15
46
0
5
0
0
64
0
0
0.5
0
0
0
0
0
2.5
0
76.5
0
1.5
0
0
0
73.5
0
0
12
0
0
37
15
2
0
1
0
0
0
10.5
40.5
0.5
0
0
0
6
0
0.5
0
0.5
0
5.5
0.5
0
0
0
2.5
1
0
0
0
0
0
0.5
21.5
0
1
3
0
6
0
0
1
0
0
0
0
0
10
0
11.5
0
0
1.5
7
0
0
21
0
0
0
2.5
0
0
0
23.5
0.5
0
5
0
4
0
0
37.5
0
2.5
0
0
1.5
0
4
2
0
0
2
0
1.5
0
0
1
2
4
6
0
0
1
0
0
0
2
0
14.5
0
0
25.5
0
0.5
0
1
0
0
0
2
2
0
0
2.5
0
0
0
0
0
0
4.5
18
0
0
12
6.5
0
7
3
0
0
0
0.5
0
19.5
0
1.5
0.5
2
0
37
0
0
0
0
0
0
6.5
0
0
0
6.5
0
2.5
3
0
0
3.5
38
1
20
0
17.5
0.5
9
0
3
20.5
0
3.5
0
0
1.5
0
0
0
32
0
0
0
1.5
1
0
0
0
0
0
12
0
2.5
4
0
4
0
0
0
0
0
62.5
0
0
1
0
3.5
0
0
8.5
0
0
0
0
0
0
1
11.5
0
0
0
0
11
17.5
3
0
0
12
0
0
0
0
0
3.5
1
0
0
0
22.5
0
0
0
0
3.5
1
0
10
0
0.5
0
16.5
3.5
1
0
0.5
1
0
0
6
0
0.5
1
35
0
0
0
2.5
0
0
0
3.5
0
3.5
9
0
0
0
0
0
4
0
4.5
0.5
47
1.5
0
2
0
2
0
0
0
0
1
0
3.5
0
7.5
0
3
2
0
0
1
2.5
1.5
0
3
3.5
0.5
1.5
1
3.5
0.5
5
0.5
16.5
0
0
0.5
1
1.5
0
0
0
1
0
1.5
14
0
0
0
0.5
0
0
1
0
0
1.5
0
0
0
3.5
0
0
0
7.5
0.5
1.5
3.5
0
0
4
0
0
3
0
2.5
2
0
0
0
0
0
2.5
0
2.5
0
3
5
0
3
0
0
0
1
0
0
0
0.5
11
0
0.5
0
0
0
0.5
0
0
1.5
2.5
0
5.5
0
0
0
1.5
3.5
0
0
0
0.5
0
0
0
0
0
3.5
0
0
0
1
0
0
1
0
0
21
2
0
0
0
0
0
1.5
0
0
6
0
9
0
0
7.5
0
0
0.5
0
0
0
0
0
0
0
0
0
0
0
0
0
17
0
0
0
0.5
0
0
0
4
0
0
0
6.5
0
0
31
0.5
13
0
0.5
0
2.5
1.5
0
0
0
0
3.5
2
0
0
0
7
0
2
5.5
0
0
0
0
25.5
0
0
3
1.5
0
19.5
0
0
0
0
0
0
0
0
0
0
0
0
3
0
6
0
0
0
0
0
0
3
0
0
5
0
0
0
0
0
0
0
0.5
0
2
1.5
0
0
0
0
0
7
0
2.5
0
3
0
0
0
0
1.5
0.5
0.5
0
0
0
0
0
3
1
0
0
0.5
0
0
0
0
2
0
0
3.5
0
0
0
1
0
11.5
0
0
0
9
0
0.5
0.5
0
1.5
0
0
0
0
0
0
0
0
0
0
0
0
3
0
0
0
12.5
0
0
1.5
12.5
0
1
0.5
0
0
0.5
0
0
0
0
0
0
11
0
0
0
12
0.5
0
0
0
0
3
0
0
13.5
10
0
0
0
0
1.5
1.5
0
0
0
0
0
5
0
0
0
2
1.5
0
0
0
0
1.5
11.5
0
5
0
0
0
0
15.5
0
0
0.5
0
0
0
4
0
0
0
0
0
0
2
0
0
1
0
0
0
0
0.5
0
0
0
0
0
39.5
1
0
0
4
0
1
